Dataset:-

0	10	13	12	4	7	9	10	1	8	7	3	14	8	5	7	12	12	11	8	1
1	10	11	11	10	14	7	7	5	5	4	2	15	13	7	6	5	5	4	4	1
2	10	15	3	2	14	8	10	1	4	7	2	7	3	3	6	11	3	3	15	1
3	10	11	10	10	15	7	7	1	5	4	2	15	13	7	4	4	4	4	4	1
4	8	11	7	8	10	7	8	1	5	3	2	15	5	3	6	12	5	4	7	1
...	...	...	...	...	...	...	...	...	...	...	...	...	...	...	...	...	...	...	...	...
67	10	14	14	10	15	6	7	5	15	14	10	15	13	9	8	12	12	11	9	0
68	10	12	15	10	15	8	8	5	15	14	8	12	14	11	7	13	15	11	14	0
69	10	8	11	6	10	6	4	3	13	9	8	14	12	9	7	11	12	10	10	0
70	9	12	13	10	13	6	6	5	14	13	10	13	12	11	8	12	11	13	15	0
71	10	14	14	6	12	7	8	5	15	12	10	10	13	11	9	14	13	15	15	0

Test set:- (10% of the dataset)
array([[ 8, 11,  7,  8, 10,  7,  8,  1,  5,  3,  2, 15,  5,  3,  6, 12, 5,  4,  7],
       [10, 13, 11,  6, 15,  8, 10,  5, 15,  7, 10, 13,  7,  3,  5,  3, 3,  3,  3],
       [10, 11, 12,  2, 10,  8,  8,  2, 10,  8,  7,  6,  5,  3,  2,  4, 4,  4,  3],
       [10, 13, 12,  4,  7,  9, 10,  1,  8,  7,  3, 14,  8,  5,  7, 12, 12, 11,  8],
       [10, 11, 11, 10, 14,  5,  8,  1,  4,  3,  4, 15, 11, 13,  9, 13, 13, 12, 13],
       [10, 11, 15, 10, 11,  6, 10,  5, 15, 11, 10, 15, 15, 15,  6,  9, 15, 15,  9],
       [ 7, 15,  7, 10, 14,  7,  9,  1,  3,  8,  2,  4,  3,  7,  9, 13, 8,  3,  9],
       [10, 15, 15, 10, 15, 10, 10,  1,  3,  3,  2, 15, 10, 10, 10, 15, 15, 15, 15]])

I
Using logistic regression through stochastic gradient descent (Implemented from scratch)-
Predicted Output (y_pred) = [1, 0, 1, 0, 0, 0, 1, 0]
Output (y_test)           = [1, 0, 1, 1, 0, 0, 1, 0]
accuracy = 87.5%

II
Using logistic regression through standard library (stg model)-
Predicted Output (y_pred) = [1, 0, 1, 0, 0, 0, 1, 0]
Output (y_test)           = [1, 0, 1, 1, 0, 0, 1, 0]

accuracy = 87.5%